6
10
36 73 13 41 42 73 17 66 11 58 19 54 25 74 45 89 23 56 33 36 
5
7
64
12
3
64

25
113 182 97 185 90 164 41 123 46 79 2 94 105 141 72 176 23 45 100 171 115 124 76 120 48 58 45 101 8 28 89 182 62 71 65 91 88 142 49 151 21 50 13 67 108 184 18 91 114 150 
25
102
2
104
47
185
123
151
213
80
225
39
200
151
207
31
115
158
233
166
95
168
183
210
149
18

50
1 500 500 500 110 174 154 367 85 212 180 375 55 123 12 244 94 156 186 199 128 371 246 288 9 224 207 303 123 169 71 215 232 455 52 108 17 190 196 379 177 304 100 320 57 140 89 103 234 434 4 71 135 232 70 143 25 218 147 363 30 261 95 267 234 276 114 215 165 194 78 170 222 324 242 326 176 233 188 249 203 357 85 290 206 371 107 199 88 169 121 235 244 321 168 190 243 454 87 201 
50
101
449
355
225
162
223
480
161
130
128
45
47
384
228
379
16
88
115
147
16
467
82
325
41
423
198
231
132
476
422
491
112
375
425
341
134
386
432
245
339
233
498
242
80
232
142
124
19
437
338

15
143 143 180 180 24 24 117 242 195 226 40 181 70 146 126 252 124 172 5 97 180 218 138 287 155 218 80 161 12 41 
8
143
234
108
41
2
259
306
24

20
144 156 194 278 186 327 236 363 58 193 108 296 12 90 62 245 61 165 111 282 185 279 235 339 176 234 226 317 121 216 171 308 79 278 129 339 135 235 185 317 
15
156
387
379
241
29
195
237
109
63
112
236
227
172
130
186

15
236 282 37 236 198 336 6 64 19 66 162 345 79 188 119 249 59 234 104 107 110 299 76 142 66 242 25 70 63 118 
8
236
119
238
265
304
280
100
157

